Version 0.9.7
5
 4 29 175 77 128 0 1
 5 100 400 206 81 2 2
 0 110 110 877 276 8 3
 1 266 12 206 81 140 6
 3 621 27 203 58 150 7
 0
20
 255 5 90 189 90 189 90 137 90 137 163 137 163 137 0 1 0 3
 4194368 5 90 288 90 288 90 358 90 358 163 358 163 358 0 1 0 3
 4194368 5 384 319 384 319 384 319 384 358 384 358 384 358 0 3 0 3
 4194368 5 632 64 632 64 632 358 632 358 631 358 631 358 0 7 0 3
 4194368 5 281 81 281 81 189 81 189 81 189 358 189 358 0 6 0 3
 255 5 176 137 176 137 176 21 281 21 281 23 281 23 0 3 0 6
 255 5 306 137 306 137 306 137 306 176 306 176 306 176 0 3 0 3
 255 5 410 176 410 176 410 176 410 137 410 137 410 137 0 3 0 3
 0 5 488 319 488 319 488 319 488 358 488 358 488 358 0 3 0 3
 8421631 5 322 49 322 49 292 49 292 280 319 280 319 280 0 6 0 3
 8421631 5 332 293 332 293 332 293 319 293 319 293 319 293 0 3 0 3
 8454143 5 341 36 341 36 351 36 351 280 358 280 358 280 0 6 0 3
 8454143 5 358 293 358 293 358 293 371 293 371 293 371 293 0 3 0 3
 8454016 5 306 293 306 293 306 202 306 202 332 202 332 202 0 3 0 3
 8454016 5 345 293 345 293 345 293 345 215 345 215 345 215 0 3 0 3
 16777088 5 319 189 319 189 319 189 371 189 371 189 371 189 0 3 0 3
 16777088 5 360 49 360 49 368 49 368 202 384 202 384 202 0 6 0 3
 16744448 5 358 215 358 215 358 215 436 215 436 215 436 215 0 3 0 3
 16744448 5 436 202 436 202 436 202 449 202 449 202 449 202 0 3 0 3
 12615935 5 423 176 423 176 667 176 667 176 667 71 667 71 0 3 0 7
2
 7002 1 14 300 228 5 0 4214488 2007910128 3
 7002 1 14 404 228 5 0 4214488 2007910128 3
