Version 0.9.7
5
 4 29 175 77 128 0 1
 5 100 400 206 81 2 2
 0 110 110 877 276 8 3
 1 266 12 206 81 140 6
 3 621 27 203 58 150 7
 0
14
 255 5 90 189 90 189 90 137 90 137 163 137 163 137 0 1 0 3
 4194368 5 90 288 90 288 90 358 90 358 163 358 163 358 0 1 0 3
 4194368 5 384 319 384 319 384 319 384 358 384 358 384 358 0 3 0 3
 4194368 5 632 64 632 64 632 358 632 358 631 358 631 358 0 7 0 3
 4194368 5 281 81 281 81 189 81 189 81 189 358 189 358 0 6 0 3
 255 5 176 137 176 137 176 21 281 21 281 23 281 23 0 3 0 6
 255 5 306 137 306 137 306 137 306 176 306 176 306 176 0 3 0 3
 4259584 5 358 215 358 215 358 215 371 215 371 215 371 215 0 3 0 3
 4259584 5 360 49 360 49 369 49 369 176 358 176 358 176 0 6 0 3
 4227327 5 332 280 332 280 332 280 345 280 345 280 345 280 0 3 0 3
 16512 5 384 215 384 215 406 215 406 280 358 280 358 280 0 3 0 3
 16711808 5 371 293 371 293 667 293 667 293 667 71 667 71 0 3 0 7
 16744703 5 322 49 322 49 294 49 294 280 306 280 306 280 0 6 0 3
 16711935 5 341 36 341 36 284 36 284 293 319 293 319 293 0 6 0 3
1
 7000 1 14 300 228 5 0 2002332492 1996253711 3
