Version 0.9.7
5
 4 29 175 77 128 0 1
 5 80 400 206 81 2 2
 0 110 110 877 276 8 3
 1 266 12 206 81 140 6
 3 621 27 203 58 150 7
 0
14
 255 5 90 189 90 189 90 137 90 137 163 137 163 137 0 1 0 3
 4194368 5 90 288 90 288 90 358 90 358 163 358 163 358 0 1 0 3
 8454143 5 322 49 322 49 289 49 289 280 306 280 306 280 0 6 0 3
 8454016 5 341 49 341 34 263 34 263 286 319 286 319 280 0 6 0 3
 4194368 5 384 319 384 319 384 319 384 358 384 358 384 358 0 3 0 3
 4194368 5 632 64 632 64 632 358 632 358 631 358 631 358 0 7 0 3
 4194368 5 281 81 281 81 189 81 189 81 189 358 189 358 0 6 0 3
 255 5 176 137 176 137 176 21 281 21 281 23 281 23 0 3 0 6
 255 5 410 176 410 176 410 176 410 137 410 137 410 137 0 3 0 3
 255 5 306 137 306 137 306 137 306 176 306 176 306 176 0 3 0 3
 0 5 488 319 488 319 488 319 488 358 488 358 488 358 0 3 0 3
 16744703 5 360 23 360 9 216 9 216 293 410 293 410 293 0 6 0 3
 16777088 5 332 280 332 280 332 280 423 280 423 280 423 280 0 3 0 3
 16711808 5 436 293 436 293 667 293 667 293 667 71 667 71 0 3 0 7
2
 7008 1 14 300 228 5 0 4214488 1998604016 3
 7032 1 14 404 228 5 0 4214488 1999980272 3
